# Moments of the aerosol phase functions; these are the first 
# 100 moments of a Henyey-Greenstein phase function with 
# an asymmetry parameter g = 0.7

1.00000000000000
0.70000000000000
0.49000000000000
0.34300000000000
0.24010000000000
0.16807000000000
0.11764900000000
0.08235430000000
0.05764801000000
0.04035360700000
0.02824752490000
0.01977326743000
0.01384128720100
0.00968890104070
0.00678223072849
0.00474756150994
0.00332329305696
0.00232630513987
0.00162841359791
0.00113988951854
0.00079792266298
0.00055854586408
0.00039098210486
0.00027368747340
0.00019158123138
0.00013410686197
0.00009387480338
0.00006571236236
0.00004599865365
0.00003219905756
0.00002253934029
0.00001577753820
0.00001104427674
0.00000773099372
0.00000541169560
0.00000378818692
0.00000265173085
0.00000185621159
0.00000129934811
0.00000090954368
0.00000063668058
0.00000044567640
0.00000031197348
0.00000021838144
0.00000015286701
0.00000010700690
0.00000007490483
0.00000005243338
0.00000003670337
0.00000002569236
0.00000001798465
0.00000001258926
0.00000000881248
0.00000000616874
0.00000000431811
0.00000000302268
0.00000000211588
0.00000000148111
0.00000000103678
0.00000000072575
0.00000000050802
0.00000000035562
0.00000000024893
0.00000000017425
0.00000000012198
0.00000000008538
0.00000000005977
0.00000000004184
0.00000000002929
0.00000000002050
0.00000000001435
0.00000000001005
0.00000000000703
0.00000000000492
0.00000000000345
0.00000000000241
0.00000000000169
0.00000000000118
0.00000000000083
0.00000000000058
0.00000000000041
0.00000000000028
0.00000000000020
0.00000000000014
0.00000000000010
0.00000000000007
0.00000000000005
0.00000000000003
0.00000000000002
0.00000000000002
0.00000000000001
0.00000000000001
0.00000000000001
0.00000000000000
0.00000000000000
0.00000000000000
0.00000000000000
0.00000000000000
0.00000000000000
0.00000000000000
